=================================================================
  CHURN INTELLIGENCE – SUMMARY REPORT
=================================================================

Total customers analysed : 7,043
Total revenue at risk    : ₹14,50,652.20

-- Risk Band Distribution --
  Low       : 4,456  ( 63.3%)
  Medium    : 1,495  ( 21.2%)
  High      : 1,087  ( 15.4%)
  Critical  :     5  (  0.1%)

-- Top 50 High-Risk Customers by Expected Revenue Loss --
    churn_probability churn_band  expected_revenue_loss  MonthlyCharges  tenure
0                0.80   Critical                1862.26          100.80       1
1                0.80       High                1856.57          101.45       1
2                0.78       High                1800.30           99.75       1
3                0.76       High                1788.46          102.45       1
4                0.78       High                1787.18          100.25       1
5                0.80   Critical                1750.92           95.10       1
6                0.80       High                1747.61           95.45       1
7                0.80   Critical                1737.18           94.00       1
8                0.79       High                1729.15           94.60       1
9                0.80   Critical                1728.88           93.55       1
10               0.75       High                1716.72          104.40       2
11               0.79       High                1715.30           93.85       1
12               0.77       High                1712.49          105.90       3
13               0.77       High                1702.99          105.00       3
14               0.78       High                1679.02           93.30       1
15               0.76       High                1668.87           95.60       1
16               0.75       High                1659.73          105.35       3
17               0.75       High                1652.98           95.65       1
18               0.78       High                1651.70           96.00       2
19               0.78       High                1647.29          100.95       3
20               0.79       High                1646.46           90.60       1
21               0.78       High                1645.86           91.30       1
22               0.75       High                1644.11           95.00       1
23               0.78       High                1630.65           95.15       2
24               0.80       High                1628.76           88.80       1
25               0.79       High                1624.12           94.00       2
26               0.79       High                1623.95           93.85       2
27               0.79       High                1621.48           93.85       2
28               0.76       High                1616.27          101.55       3
29               0.77       High                1611.46           90.55       1
30               0.77       High                1610.27           90.75       1
31               0.78       High                1604.49           89.30       1
32               0.77       High                1599.79           89.90       1
33               0.72       High                1595.65           95.85       1
34               0.77       High                1593.51           89.55       1
35               0.76       High                1592.40           90.85       1
36               0.76       High                1591.62           90.85       1
37               0.77       High                1589.81           89.25       1
38               0.77       High                1587.12           89.10       1
39               0.73       High                1586.07           94.40       1
40               0.78       High                1577.95           96.60       3
41               0.80       High                1574.55           85.70       1
42               0.80       High                1573.71           86.05       1
43               0.77       High                1573.65           88.35       1
44               0.76       High                1570.39           94.20       2
45               0.79       High                1569.35           86.60       1
46               0.76       High                1568.63           90.10       1
47               0.76       High                1566.14           89.35       1
48               0.80   Critical                1565.40           85.05       1
49               0.78       High                1553.35           94.85       3

=================================================================